-10	-1	0.01
-10	-1	0.01
-9.99	-1	0.01
-9.98	-1	0.01
-9.97	-1	0.01
-9.96	-1	0.01
-9.950000000000001	-1	0.01
-9.940000000000001	-1	0.01
-9.930000000000001	-1	0.01
-9.920000000000002	-1	0.01
-9.910000000000002	-1	0.01
-9.900000000000002	-1	0.01
-9.890000000000002	-1	0.01
-9.880000000000003	-1	0.01
-9.870000000000003	-1	0.01
-9.860000000000003	-1	0.01
-9.850000000000003	-1	0.01
-9.840000000000003	-1	0.01
-9.830000000000004	-1	0.01
-9.820000000000004	-1	0.01
-9.810000000000004	-1	0.01
-9.800000000000004	-1	0.01
-9.790000000000004	-1	0.01
-9.780000000000005	-1	0.01
-9.770000000000005	-1	0.01
-9.760000000000005	-1	0.01
-9.750000000000005	-1	0.01
-9.740000000000006	-1	0.01
-9.730000000000006	-1	0.01
-9.720000000000006	-1	0.01
-9.710000000000006	-1	0.01
-9.700000000000006	-1	0.01
-9.690000000000007	-1	0.01
-9.680000000000007	-1	0.01
-9.670000000000007	-1	0.01
-9.660000000000007	-1	0.01
-9.650000000000007	-1	0.01
-9.640000000000008	-1	0.01
-9.630000000000008	-1	0.01
-9.620000000000008	-1	0.01
-9.610000000000008	-1	0.01
-9.600000000000009	-1	0.01
-9.590000000000009	-1	0.01
-9.580000000000009	-1	0.01
-9.57000000000001	-1	0.01
-9.56000000000001	-1	0.01
-9.55000000000001	-1	0.01
-9.54000000000001	-1	0.01
-9.53000000000001	-1	0.01
-9.52000000000001	-1	0.01
-9.51000000000001	-1	0.01
-9.50000000000001	-1	0.01
-9.49000000000001	-1	0.01
-9.480000000000011	-1	0.01
-9.470000000000011	-1	0.01
-9.460000000000012	-1	0.01
-9.450000000000012	-1	0.01
-9.440000000000012	-1	0.01
-9.430000000000012	-1	0.01
-9.420000000000012	-1	0.01
-9.410000000000013	-1	0.01
-9.400000000000013	-1	0.01
-9.390000000000013	-1	0.01
-9.380000000000013	-1	0.01
-9.370000000000013	-1	0.01
-9.360000000000014	-1	0.01
-9.350000000000014	-1	0.01
-9.340000000000014	-1	0.01
-9.330000000000014	-1	0.01
-9.320000000000014	-1	0.01
-9.310000000000015	-1	0.01
-9.300000000000015	-1	0.01
-9.290000000000015	-1	0.01
-9.280000000000015	-1	0.01
-9.270000000000016	-1	0.01
-9.260000000000016	-1	0.01
-9.250000000000016	-1	0.01
-9.240000000000016	-1	0.01
-9.230000000000016	-1	0.01
-9.220000000000017	-1	0.01
-9.210000000000017	-1	0.01
-9.200000000000017	-1	0.01
-9.190000000000017	-1	0.01
-9.180000000000017	-1	0.01
-9.170000000000018	-1	0.01
-9.160000000000018	-1	0.01
-9.150000000000018	-1	0.01
-9.140000000000018	-1	0.01
-9.130000000000019	-1	0.01
-9.120000000000019	-1	0.01
-9.110000000000019	-1	0.01
-9.10000000000002	-1	0.01
-9.09000000000002	-1	0.01
-9.08000000000002	-1	0.01
-9.07000000000002	-1	0.01
-9.06000000000002	-1	0.01
-9.05000000000002	-1	0.01
-9.04000000000002	-1	0.01
-9.03000000000002	-1	0.01
-9.020000000000021	-1	0.01
-9.010000000000021	-1	0.01
-9.000000000000021	-1	0.01
-8.990000000000022	-1	0.01
-8.980000000000022	-1	0.01
-8.970000000000022	-1	0.01
-8.960000000000022	-1	0.01
-8.950000000000022	-1	0.01
-8.940000000000023	-1	0.01
-8.930000000000023	-1	0.01
-8.920000000000023	-1	0.01
-8.910000000000023	-1	0.01
-8.900000000000023	-1	0.01
-8.890000000000024	-1	0.01
-8.880000000000024	-1	0.01
-8.870000000000024	-1	0.01
-8.860000000000024	-1	0.01
-8.850000000000025	-1	0.01
-8.840000000000025	-1	0.01
-8.830000000000025	-1	0.01
-8.820000000000025	-1	0.01
-8.810000000000025	-1	0.01
-8.800000000000026	-1	0.01
-8.790000000000026	-1	0.01
-8.780000000000026	-1	0.01
-8.770000000000026	-1	0.01
-8.760000000000026	-1	0.01
-8.750000000000027	-1	0.01
-8.740000000000027	-1	0.01
-8.730000000000027	-1	0.01
-8.720000000000027	-1	0.01
-8.710000000000027	-1	0.01
-8.700000000000028	-1	0.01
-8.690000000000028	-1	0.01
-8.680000000000028	-1	0.01
-8.670000000000028	-1	0.01
-8.660000000000029	-1	0.01
-8.650000000000029	-1	0.01
-8.640000000000029	-1	0.01
-8.63000000000003	-1	0.01
-8.62000000000003	-1	0.01
-8.61000000000003	-1	0.01
-8.60000000000003	-1	0.01
-8.59000000000003	-1	0.01
-8.58000000000003	-1	0.01
-8.57000000000003	-1	0.01
-8.56000000000003	-1	0.01
-8.550000000000031	-1	0.01
-8.540000000000031	-1	0.01
-8.530000000000031	-1	0.01
-8.520000000000032	-1	0.01
-8.510000000000032	-1	0.01
-8.500000000000032	-1	0.01
-8.490000000000032	-1	0.01
-8.480000000000032	-1	0.01
-8.470000000000033	-1	0.01
-8.460000000000033	-1	0.01
-8.450000000000033	-1	0.01
-8.440000000000033	-1	0.01
-8.430000000000033	-1	0.01
-8.420000000000034	-1	0.01
-8.410000000000034	-1	0.01
-8.400000000000034	-1	0.01
-8.390000000000034	-1	0.01
-8.380000000000035	-1	0.01
-8.370000000000035	-1	0.01
-8.360000000000035	-1	0.01
-8.350000000000035	-1	0.01
-8.340000000000035	-1	0.01
-8.330000000000036	-1	0.01
-8.320000000000036	-1	0.01
-8.310000000000036	-1	0.01
-8.300000000000036	-1	0.01
-8.290000000000036	-1	0.01
-8.280000000000037	-1	0.01
-8.270000000000037	-1	0.01
-8.260000000000037	-1	0.01
-8.250000000000037	-1	0.01
-8.240000000000038	-1	0.01
-8.230000000000038	-1	0.01
-8.220000000000038	-1	0.01
-8.210000000000038	-1	0.01
-8.200000000000038	-1	0.01
-8.190000000000039	-1	0.01
-8.180000000000039	-1	0.01
-8.170000000000039	-1	0.01
-8.16000000000004	-1	0.01
-8.15000000000004	-1	0.01
-8.14000000000004	-1	0.01
-8.13000000000004	-1	0.01
-8.12000000000004	-1	0.01
-8.11000000000004	-1	0.01
-8.10000000000004	-1	0.01
-8.09000000000004	-1	0.01
-8.080000000000041	-1	0.01
-8.070000000000041	-1	0.01
-8.060000000000041	-1	0.01
-8.050000000000042	-1	0.01
-8.040000000000042	-1	0.01
-8.030000000000042	-1	0.01
-8.020000000000042	-1	0.01
-8.010000000000042	-1	0.01
-8.000000000000043	-1	0.01
-7.990000000000043	-1	0.01
-7.980000000000043	-1	0.01
-7.970000000000043	-1	0.01
-7.9600000000000435	-1	0.01
-7.950000000000044	-1	0.01
-7.940000000000044	-1	0.01
-7.930000000000044	-1	0.01
-7.920000000000044	-1	0.01
-7.9100000000000446	-1	0.01
-7.900000000000045	-1	0.01
-7.890000000000045	-1	0.01
-7.880000000000045	-1	0.01
-7.870000000000045	-1	0.01
-7.860000000000046	-1	0.01
-7.850000000000046	-1	0.01
-7.840000000000046	-1	0.01
-7.830000000000046	-1	0.01
-7.8200000000000465	-1	0.01
-7.810000000000047	-1	0.01
-7.800000000000047	-1	0.01
-7.790000000000047	-1	0.01
-7.780000000000047	-1	0.01
-7.7700000000000475	-1	0.01
-7.760000000000048	-1	0.01
-7.750000000000048	-1	0.01
-7.740000000000048	-1	0.01
-7.730000000000048	-1	0.01
-7.720000000000049	-1	0.01
-7.710000000000049	-1	0.01
-7.700000000000049	-1	0.01
-7.690000000000049	-1	0.01
-7.6800000000000495	-1	0.01
-7.67000000000005	-1	0.01
-7.66000000000005	-1	0.01
-7.65000000000005	-1	0.01
-7.64000000000005	-1	0.01
-7.6300000000000505	-1	0.01
-7.620000000000051	-1	0.01
-7.610000000000051	-1	0.01
-7.600000000000051	-1	0.01
-7.590000000000051	-1	0.01
-7.580000000000052	-1	0.01
-7.570000000000052	-1	0.01
-7.560000000000052	-1	0.01
-7.550000000000052	-1	0.01
-7.540000000000052	-1	0.01
-7.530000000000053	-1	0.01
-7.520000000000053	-1	0.01
-7.510000000000053	-1	0.01
-7.500000000000053	-1	0.01
-7.4900000000000535	-1	0.01
-7.480000000000054	-1	0.01
-7.470000000000054	-1	0.01
-7.460000000000054	-1	0.01
-7.450000000000054	-1	0.01
-7.440000000000055	-1	0.01
-7.430000000000055	-1	0.01
-7.420000000000055	-1	0.01
-7.410000000000055	-1	0.01
-7.400000000000055	-1	0.01
-7.390000000000056	-1	0.01
-7.380000000000056	-1	0.01
-7.370000000000056	-1	0.01
-7.360000000000056	-1	0.01
-7.3500000000000565	-1	0.01
-7.340000000000057	-1	0.01
-7.330000000000057	-1	0.01
-7.320000000000057	-1	0.01
-7.310000000000057	-1	0.01
-7.3000000000000576	-1	0.01
-7.290000000000058	-1	0.01
-7.280000000000058	-1	0.01
-7.270000000000058	-1	0.01
-7.260000000000058	-1	0.01
-7.250000000000059	-1	0.01
-7.240000000000059	-1	0.01
-7.230000000000059	-1	0.01
-7.220000000000059	-1	0.01
-7.2100000000000595	-1	0.01
-7.20000000000006	-1	0.01
-7.19000000000006	-1	0.01
-7.18000000000006	-1	0.01
-7.17000000000006	-1	0.01
-7.1600000000000605	-1	0.01
-7.150000000000061	-1	0.01
-7.140000000000061	-1	0.01
-7.130000000000061	-1	0.01
-7.120000000000061	-1	0.01
-7.110000000000062	-1	0.01
-7.100000000000062	-1	0.01
-7.090000000000062	-1	0.01
-7.080000000000062	-1	0.01
-7.0700000000000625	-1	0.01
-7.060000000000063	-1	0.01
-7.050000000000063	-1	0.01
-7.040000000000063	-1	0.01
-7.030000000000063	-1	0.01
-7.0200000000000635	-1	0.01
-7.010000000000064	-1	0.01
-7.000000000000064	-1	0.01
-6.990000000000064	-1	0.01
-6.980000000000064	-1	0.01
-6.970000000000065	-1	0.01
-6.960000000000065	-1	0.01
-6.950000000000065	-1	0.01
-6.940000000000065	-1	0.01
-6.930000000000065	-1	0.01
-6.920000000000066	-1	0.01
-6.910000000000066	-1	0.01
-6.900000000000066	-1	0.01
-6.890000000000066	-1	0.01
-6.8800000000000665	-1	0.01
-6.870000000000067	-1	0.01
-6.860000000000067	-1	0.01
-6.850000000000067	-1	0.01
-6.840000000000067	-1	0.01
-6.830000000000068	-1	0.01
-6.820000000000068	-1	0.01
-6.810000000000068	-1	0.01
-6.800000000000068	-1	0.01
-6.790000000000068	-1	0.01
-6.780000000000069	-1	0.01
-6.770000000000069	-1	0.01
-6.760000000000069	-1	0.01
-6.750000000000069	-1	0.01
-6.7400000000000695	-1	0.01
-6.73000000000007	-1	0.01
-6.72000000000007	-1	0.01
-6.71000000000007	-1	0.01
-6.70000000000007	-1	0.01
-6.690000000000071	-1	0.01
-6.680000000000071	-1	0.01
-6.670000000000071	-1	0.01
-6.660000000000071	-1	0.01
-6.650000000000071	-1	0.01
-6.640000000000072	-1	0.01
-6.630000000000072	-1	0.01
-6.620000000000072	-1	0.01
-6.610000000000072	-1	0.01
-6.6000000000000725	-1	0.01
-6.590000000000073	-1	0.01
-6.580000000000073	-1	0.01
-6.570000000000073	-1	0.01
-6.560000000000073	-1	0.01
-6.5500000000000735	-1	0.01
-6.540000000000074	-1	0.01
-6.530000000000074	-1	0.01
-6.520000000000074	-1	0.01
-6.510000000000074	-1	0.01
-6.500000000000075	-1	0.01
-6.490000000000075	-1	0.01
-6.480000000000075	-1	0.01
-6.470000000000075	-1	0.01
-6.4600000000000755	-1	0.01
-6.450000000000076	-1	0.01
-6.440000000000076	-1	0.01
-6.430000000000076	-1	0.01
-6.420000000000076	-1	0.01
-6.4100000000000765	-1	0.01
-6.400000000000077	-1	0.01
-6.390000000000077	-1	0.01
-6.380000000000077	-1	0.01
-6.370000000000077	-1	0.01
-6.360000000000078	-1	0.01
-6.350000000000078	-1	0.01
-6.340000000000078	-1	0.01
-6.330000000000078	-1	0.01
-6.320000000000078	-1	0.01
-6.310000000000079	-1	0.01
-6.300000000000079	-1	0.01
-6.290000000000079	-1	0.01
-6.280000000000079	-1	0.01
-6.2700000000000795	-1	0.01
-6.26000000000008	-1	0.01
-6.25000000000008	-1	0.01
-6.24000000000008	-1	0.01
-6.23000000000008	-1	0.01
-6.220000000000081	-1	0.01
-6.210000000000081	-1	0.01
-6.200000000000081	-1	0.01
-6.190000000000081	-1	0.01
-6.180000000000081	-1	0.01
-6.170000000000082	-1	0.01
-6.160000000000082	-1	0.01
-6.150000000000082	-1	0.01
-6.140000000000082	-1	0.01
-6.1300000000000825	-1	0.01
-6.120000000000083	-1	0.01
-6.110000000000083	-1	0.01
-6.100000000000083	-1	0.01
-6.090000000000083	-1	0.01
-6.080000000000084	-1	0.01
-6.070000000000084	-1	0.01
-6.060000000000084	-1	0.01
-6.050000000000084	-1	0.01
-6.040000000000084	-1	0.01
-6.030000000000085	-1	0.01
-6.020000000000085	-1	0.01
-6.010000000000085	-1	0.01
-6.000000000000085	-1	0.01
-5.9900000000000855	-1	0.01
-5.980000000000086	-1	0.01
-5.970000000000086	-1	0.01
-5.960000000000086	-1	0.01
-5.950000000000086	-1	0.01
-5.9400000000000865	-1	0.01
-5.930000000000087	-1	0.01
-5.920000000000087	-1	0.01
-5.910000000000087	-1	0.01
-5.900000000000087	-1	0.01
-5.890000000000088	-1	0.01
-5.880000000000088	-1	0.01
-5.870000000000088	-1	0.01
-5.860000000000088	-1	0.01
-5.8500000000000885	-1	0.01
-5.840000000000089	-1	0.01
-5.830000000000089	-1	0.01
-5.820000000000089	-1	0.01
-5.810000000000089	-1	0.01
-5.8000000000000895	-1	0.01
-5.79000000000009	-1	0.01
-5.78000000000009	-1	0.01
-5.77000000000009	-1	0.01
-5.76000000000009	-1	0.01
-5.750000000000091	-1	0.01
-5.740000000000091	-1	0.01
-5.730000000000091	-1	0.01
-5.720000000000091	-1	0.01
-5.7100000000000914	-1	0.01
-5.700000000000092	-1	0.01
-5.690000000000092	-1	0.01
-5.680000000000092	-1	0.01
-5.670000000000092	-1	0.01
-5.6600000000000925	-1	0.01
-5.650000000000093	-1	0.01
-5.640000000000093	-1	0.01
-5.630000000000093	-1	0.01
-5.620000000000093	-1	0.01
-5.610000000000094	-1	0.01
-5.600000000000094	-1	0.01
-5.590000000000094	-1	0.01
-5.580000000000094	-1	0.01
-5.570000000000094	-1	0.01
-5.560000000000095	-1	0.01
-5.550000000000095	-1	0.01
-5.540000000000095	-1	0.01
-5.530000000000095	-1	0.01
-5.5200000000000955	-1	0.01
-5.510000000000096	-1	0.01
-5.500000000000096	-1	0.01
-5.490000000000096	-1	0.01
-5.480000000000096	-1	0.01
-5.470000000000097	-1	0.01
-5.460000000000097	-1	0.01
-5.450000000000097	-1	0.01
-5.440000000000097	-1	0.01
-5.430000000000097	-1	0.01
-5.420000000000098	-1	0.01
-5.410000000000098	-1	0.01
-5.400000000000098	-1	0.01
-5.390000000000098	-1	0.01
-5.3800000000000985	-1	0.01
-5.370000000000099	-1	0.01
-5.360000000000099	-1	0.01
-5.350000000000099	-1	0.01
-5.340000000000099	-1	0.01
-5.3300000000000995	-1	0.01
-5.3200000000001	-1	0.01
-5.3100000000001	-1	0.01
-5.3000000000001	-1	0.01
-5.2900000000001	-1	0.01
-5.280000000000101	-1	0.01
-5.270000000000101	-1	0.01
-5.260000000000101	-1	0.01
-5.250000000000101	-1	0.01
-5.2400000000001015	-1	0.01
-5.230000000000102	-1	0.01
-5.220000000000102	-1	0.01
-5.210000000000102	-1	0.01
-5.200000000000102	-1	0.01
-5.1900000000001025	-1	0.01
-5.180000000000103	-1	0.01
-5.170000000000103	-1	0.01
-5.160000000000103	-1	0.01
-5.150000000000103	-1	0.01
-5.140000000000104	-1	0.01
-5.130000000000104	-1	0.01
-5.120000000000104	-1	0.01
-5.110000000000104	-1	0.01
-5.1000000000001044	-1	0.01
-5.090000000000105	-1	0.01
-5.080000000000105	-1	0.01
-5.070000000000105	-1	0.01
-5.060000000000105	-1	0.01
-5.0500000000001055	-1	0.01
-5.040000000000106	-1	0.01
-5.030000000000106	-1	0.01
-5.020000000000106	-1	0.01
-5.010000000000106	-1	0.01
-5.000000000000107	-1	0.01
-4.990000000000107	-1	0.01
-4.980000000000107	-1	0.01
-4.970000000000107	-1	0.01
-4.960000000000107	-1	0.01
-4.950000000000108	-1	0.01
-4.940000000000108	-1	0.01
-4.930000000000108	-1	0.01
-4.920000000000108	-1	0.01
-4.9100000000001085	-1	0.01
-4.900000000000109	-1	0.01
-4.890000000000109	-1	0.01
-4.880000000000109	-1	0.01
-4.870000000000109	-1	0.01
-4.86000000000011	-1	0.01
-4.85000000000011	-1	0.01
-4.84000000000011	-1	0.01
-4.83000000000011	-1	0.01
-4.82000000000011	-1	0.01
-4.810000000000111	-1	0.01
-4.800000000000111	-1	0.01
-4.790000000000111	-1	0.01
-4.780000000000111	-1	0.01
-4.7700000000001115	-1	0.01
-4.760000000000112	-1	0.01
-4.750000000000112	-1	0.01
-4.740000000000112	-1	0.01
-4.730000000000112	-1	0.01
-4.7200000000001125	-1	0.01
-4.710000000000113	-1	0.01
-4.700000000000113	-1	0.01
-4.690000000000113	-1	0.01
-4.680000000000113	-1	0.01
-4.670000000000114	-1	0.01
-4.660000000000114	-1	0.01
-4.650000000000114	-1	0.01
-4.640000000000114	-1	0.01
-4.6300000000001145	-1	0.01
-4.620000000000115	-1	0.01
-4.610000000000115	-1	0.01
-4.600000000000115	-1	0.01
-4.590000000000115	-1	0.01
-4.5800000000001155	-1	0.01
-4.570000000000116	-1	0.01
-4.560000000000116	-1	0.01
-4.550000000000116	-1	0.01
-4.540000000000116	-1	0.01
-4.530000000000117	-1	0.01
-4.520000000000117	-1	0.01
-4.510000000000117	-1	0.01
-4.500000000000117	-1	0.01
-4.4900000000001175	-1	0.01
-4.480000000000118	-1	0.01
-4.470000000000118	-1	0.01
-4.460000000000118	-1	0.01
-4.450000000000118	-1	0.01
-4.4400000000001185	-1	0.01
-4.430000000000119	-1	0.01
-4.420000000000119	-1	0.01
-4.410000000000119	-1	0.01
-4.400000000000119	-1	0.01
-4.39000000000012	-1	0.01
-4.38000000000012	-1	0.01
-4.37000000000012	-1	0.01
-4.36000000000012	-1	0.01
-4.35000000000012	-1	0.01
-4.340000000000121	-1	0.01
-4.330000000000121	-1	0.01
-4.320000000000121	-1	0.01
-4.310000000000121	-1	0.01
-4.3000000000001215	-1	0.01
-4.290000000000122	-1	0.01
-4.280000000000122	-1	0.01
-4.270000000000122	-1	0.01
-4.260000000000122	-1	0.01
-4.250000000000123	-1	0.01
-4.240000000000123	-1	0.01
-4.230000000000123	-1	0.01
-4.220000000000123	-1	0.01
-4.210000000000123	-1	0.01
-4.200000000000124	-1	0.01
-4.190000000000124	-1	0.01
-4.180000000000124	-1	0.01
-4.170000000000124	-1	0.01
-4.1600000000001245	-1	0.01
-4.150000000000125	-1	0.01
-4.140000000000125	-1	0.01
-4.130000000000125	-1	0.01
-4.120000000000125	-1	0.01
-4.1100000000001256	-1	0.01
-4.100000000000126	-1	0.01
-4.090000000000126	-1	0.01
-4.080000000000126	-1	0.01
-4.070000000000126	-1	0.01
-4.060000000000127	-1	0.01
-4.050000000000127	-1	0.01
-4.040000000000127	-1	0.01
-4.030000000000127	-1	0.01
-4.0200000000001275	-1	0.01
-4.010000000000128	-1	0.01
-4.000000000000128	-1	0.01
-3.990000000000128	-1	0.01
-3.9800000000001283	-1	0.01
-3.9700000000001285	-1	0.01
-3.9600000000001288	-1	0.01
-3.950000000000129	-1	0.01
-3.940000000000129	-1	0.01
-3.9300000000001294	-1	0.01
-3.9200000000001296	-1	0.01
-3.91000000000013	-1	0.01
-3.90000000000013	-1	0.01
-3.8900000000001302	-1	0.01
-3.8800000000001305	-1	0.01
-3.8700000000001307	-1	0.01
-3.860000000000131	-1	0.01
-3.850000000000131	-1	0.01
-3.8400000000001313	-1	0.01
-3.8300000000001315	-1	0.01
-3.8200000000001317	-1	0.01
-3.810000000000132	-1	0.01
-3.800000000000132	-1	0.01
-3.7900000000001324	-1	0.01
-3.7800000000001326	-1	0.01
-3.770000000000133	-1	0.01
-3.760000000000133	-1	0.01
-3.7500000000001332	-1	0.01
-3.7400000000001334	-1	0.01
-3.7300000000001337	-1	0.01
-3.720000000000134	-1	0.01
-3.710000000000134	-1	0.01
-3.7000000000001343	-1	0.01
-3.6900000000001345	-1	0.01
-3.6800000000001347	-1	0.01
-3.670000000000135	-1	0.01
-3.660000000000135	-1	0.01
-3.6500000000001354	-1	0.01
-3.6400000000001356	-1	0.01
-3.630000000000136	-1	0.01
-3.620000000000136	-1	0.01
-3.610000000000136	-1	0.01
-3.6000000000001364	-1	0.01
-3.5900000000001366	-1	0.01
-3.580000000000137	-1	0.01
-3.570000000000137	-1	0.01
-3.5600000000001373	-1	0.01
-3.5500000000001375	-1	0.01
-3.5400000000001377	-1	0.01
-3.530000000000138	-1	0.01
-3.520000000000138	-1	0.01
-3.5100000000001383	-1	0.01
-3.5000000000001386	-1	0.01
-3.4900000000001388	-1	0.01
-3.480000000000139	-1	0.01
-3.470000000000139	-1	0.01
-3.4600000000001394	-1	0.01
-3.4500000000001396	-1	0.01
-3.44000000000014	-1	0.01
-3.43000000000014	-1	0.01
-3.4200000000001403	-1	0.01
-3.4100000000001405	-1	0.01
-3.4000000000001407	-1	0.01
-3.390000000000141	-1	0.01
-3.380000000000141	-1	0.01
-3.3700000000001413	-1	0.01
-3.3600000000001415	-1	0.01
-3.3500000000001418	-1	0.01
-3.340000000000142	-1	0.01
-3.330000000000142	-1	0.01
-3.3200000000001424	-1	0.01
-3.3100000000001426	-1	0.01
-3.300000000000143	-1	0.01
-3.290000000000143	-1	0.01
-3.2800000000001432	-1	0.01
-3.2700000000001435	-1	0.01
-3.2600000000001437	-1	0.01
-3.250000000000144	-1	0.01
-3.240000000000144	-1	0.01
-3.2300000000001443	-1	0.01
-3.2200000000001445	-1	0.01
-3.2100000000001447	-1	0.01
-3.200000000000145	-1	0.01
-3.190000000000145	-1	0.01
-3.1800000000001454	-1	0.01
-3.1700000000001456	-1	0.01
-3.160000000000146	-1	0.01
-3.150000000000146	-1	0.01
-3.1400000000001462	-1	0.01
-3.1300000000001464	-1	0.01
-3.1200000000001467	-1	0.01
-3.110000000000147	-1	0.01
-3.100000000000147	-1	0.01
-3.0900000000001473	-1	0.01
-3.0800000000001475	-1	0.01
-3.0700000000001477	-1	0.01
-3.060000000000148	-1	0.01
-3.050000000000148	-1	0.01
-3.0400000000001484	-1	0.01
-3.0300000000001486	-1	0.01
-3.020000000000149	-1	0.01
-3.010000000000149	-1	0.01
-3.000000000000149	-1	0.01
-2.9900000000001494	-1	0.01
-2.9800000000001496	-1	0.01
-2.97000000000015	-1	0.01
-2.96000000000015	-1	0.01
-2.9500000000001503	-1	0.01
-2.9400000000001505	-1	0.01
-2.9300000000001507	-1	0.01
-2.920000000000151	-1	0.01
-2.910000000000151	-1	0.01
-2.9000000000001513	-1	0.01
-2.8900000000001516	-1	0.01
-2.8800000000001518	-1	0.01
-2.870000000000152	-1	0.01
-2.860000000000152	-1	0.01
-2.8500000000001524	-1	0.01
-2.8400000000001526	-1	0.01
-2.830000000000153	-1	0.01
-2.820000000000153	-1	0.01
-2.8100000000001533	-1	0.01
-2.8000000000001535	-1	0.01
-2.7900000000001537	-1	0.01
-2.780000000000154	-1	0.01
-2.770000000000154	-1	0.01
-2.7600000000001543	-1	0.01
-2.7500000000001545	-1	0.01
-2.7400000000001548	-1	0.01
-2.730000000000155	-1	0.01
-2.720000000000155	-1	0.01
-2.7100000000001554	-1	0.01
-2.7000000000001556	-1	0.01
-2.690000000000156	-1	0.01
-2.680000000000156	-1	0.01
-2.6700000000001562	-1	0.01
-2.6600000000001565	-1	0.01
-2.6500000000001567	-1	0.01
-2.640000000000157	-1	0.01
-2.630000000000157	-1	0.01
-2.6200000000001573	-1	0.01
-2.6100000000001575	-1	0.01
-2.6000000000001577	-1	0.01
-2.590000000000158	-1	0.01
-2.580000000000158	-1	0.01
-2.5700000000001584	-1	0.01
-2.5600000000001586	-1	0.01
-2.550000000000159	-1	0.01
-2.540000000000159	-1	0.01
-2.5300000000001592	-1	0.01
-2.5200000000001594	-1	0.01
-2.5100000000001597	-1	0.01
-2.50000000000016	-1	0.01
-2.49000000000016	-1	0.01
-2.4800000000001603	-1	0.01
-2.4700000000001605	-1	0.01
-2.4600000000001607	-1	0.01
-2.450000000000161	-1	0.01
-2.440000000000161	-1	0.01
-2.4300000000001614	-1	0.01
-2.4200000000001616	-1	0.01
-2.410000000000162	-1	0.01
-2.400000000000162	-1	0.01
-2.390000000000162	-1	0.01
-2.3800000000001624	-1	0.01
-2.3700000000001626	-1	0.01
-2.360000000000163	-1	0.01
-2.350000000000163	-1	0.01
-2.3400000000001633	-1	0.01
-2.3300000000001635	-1	0.01
-2.3200000000001637	-1	0.01
-2.310000000000164	-1	0.01
-2.300000000000164	-1	0.01
-2.2900000000001643	-1	0.01
-2.2800000000001646	-1	0.01
-2.2700000000001648	-1	0.01
-2.260000000000165	-1	0.01
-2.250000000000165	-1	0.01
-2.2400000000001654	-1	0.01
-2.2300000000001656	-1	0.01
-2.220000000000166	-1	0.01
-2.210000000000166	-1	0.01
-2.2000000000001663	-1	0.01
-2.1900000000001665	-1	0.01
-2.1800000000001667	-1	0.01
-2.170000000000167	-1	0.01
-2.160000000000167	-1	0.01
-2.1500000000001673	-1	0.01
-2.1400000000001675	-1	0.01
-2.1300000000001678	-1	0.01
-2.120000000000168	-1	0.01
-2.110000000000168	-1	0.01
-2.1000000000001684	-1	0.01
-2.0900000000001686	-1	0.01
-2.080000000000169	-1	0.01
-2.070000000000169	-1	0.01
-2.0600000000001693	-1	0.01
-2.0500000000001695	-1	0.01
-2.0400000000001697	-1	0.01
-2.03000000000017	-1	0.01
-2.02000000000017	-1	0.01
-2.0100000000001703	-1	0.01
-2.0000000000001705	-1	0.01
-1.9900000000001705	-1	0.01
-1.9800000000001705	-1	0.01
-1.9700000000001705	-1	0.01
-1.9600000000001705	-1	0.01
-1.9500000000001705	-1	0.01
-1.9400000000001705	-1	0.01
-1.9300000000001705	-1	0.01
-1.9200000000001705	-1	0.01
-1.9100000000001705	-1	0.01
-1.9000000000001704	-1	0.01
-1.8900000000001704	-1	0.01
-1.8800000000001704	-1	0.01
-1.8700000000001704	-1	0.01
-1.8600000000001704	-1	0.01
-1.8500000000001704	-1	0.01
-1.8400000000001704	-1	0.01
-1.8300000000001704	-1	0.01
-1.8200000000001704	-1	0.01
-1.8100000000001704	-1	0.01
-1.8000000000001704	-1	0.01
-1.7900000000001703	-1	0.01
-1.7800000000001703	-1	0.01
-1.7700000000001703	-1	0.01
-1.7600000000001703	-1	0.01
-1.7500000000001703	-1	0.01
-1.7400000000001703	-1	0.01
-1.7300000000001703	-1	0.01
-1.7200000000001703	-1	0.01
-1.7100000000001703	-1	0.01
-1.7000000000001703	-1	0.01
-1.6900000000001703	-1	0.01
-1.6800000000001702	-1	0.01
-1.6700000000001702	-1	0.01
-1.6600000000001702	-1	0.01
-1.6500000000001702	-1	0.01
-1.6400000000001702	-1	0.01
-1.6300000000001702	-1	0.01
-1.6200000000001702	-1	0.01
-1.6100000000001702	-1	0.01
-1.6000000000001702	-1	0.01
-1.5900000000001702	-1	0.01
-1.5800000000001702	-1	0.01
-1.5700000000001701	-1	0.01
-1.5600000000001701	-1	0.01
-1.5500000000001701	-1	0.01
-1.5400000000001701	-1	0.01
-1.5300000000001701	-1	0.01
-1.52000000000017	-1	0.01
-1.51000000000017	-1	0.01
-1.50000000000017	-1	0.01
-1.49000000000017	-1	0.01
-1.48000000000017	-1	0.01
-1.47000000000017	-1	0.01
-1.46000000000017	-1	0.01
-1.45000000000017	-1	0.01
-1.44000000000017	-1	0.01
-1.43000000000017	-1	0.01
-1.42000000000017	-1	0.01
-1.41000000000017	-1	0.01
-1.40000000000017	-1	0.01
-1.39000000000017	-1	0.01
-1.38000000000017	-1	0.01
-1.37000000000017	-1	0.01
-1.36000000000017	-1	0.01
-1.35000000000017	-1	0.01
-1.34000000000017	-1	0.01
-1.33000000000017	-1	0.01
-1.32000000000017	-1	0.01
-1.31000000000017	-1	0.01
-1.30000000000017	-1	0.01
-1.29000000000017	-1	0.01
-1.28000000000017	-1	0.01
-1.2700000000001699	-1	0.01
-1.2600000000001699	-1	0.01
-1.2500000000001699	-1	0.01
-1.2400000000001699	-1	0.01
-1.2300000000001698	-1	0.01
-1.2200000000001698	-1	0.01
-1.2100000000001698	-1	0.01
-1.2000000000001698	-1	0.01
-1.1900000000001698	-1	0.01
-1.1800000000001698	-1	0.01
-1.1700000000001698	-1	0.01
-1.1600000000001698	-1	0.01
-1.1500000000001698	-1	0.01
-1.1400000000001698	-1	0.01
-1.1300000000001698	-1	0.01
-1.1200000000001697	-1	0.01
-1.1100000000001697	-1	0.01
-1.1000000000001697	-1	0.01
-1.0900000000001697	-1	0.01
-1.0800000000001697	-1	0.01
-1.0700000000001697	-1	0.01
-1.0600000000001697	-1	0.01
-1.0500000000001697	-1	0.01
-1.0400000000001697	-1	0.01
-1.0300000000001697	-1	0.01
-1.0200000000001697	-1	0.01
-1.0100000000001697	-1	0.01
-1.0000000000001696	-1	0.01
-0.9900000000001696	-1	0.01
-0.9800000000001696	-1	0.01
-0.9700000000001696	-1	0.01
-0.9600000000001696	-1	0.01
-0.9500000000001696	-1	0.01
-0.9400000000001696	-1	0.01
-0.9300000000001696	-1	0.01
-0.9200000000001696	-1	0.01
-0.9100000000001696	-1	0.01
-0.9000000000001696	-1	0.01
-0.8900000000001695	-1	0.01
-0.8800000000001695	-1	0.01
-0.8700000000001695	-1	0.01
-0.8600000000001695	-1	0.01
-0.8500000000001695	-1	0.01
-0.8400000000001695	-1	0.01
-0.8300000000001695	-1	0.01
-0.8200000000001695	-1	0.01
-0.8100000000001695	-1	0.01
-0.8000000000001695	-1	0.01
-0.7900000000001695	-1	0.01
-0.7800000000001694	-1	0.01
-0.7700000000001694	-1	0.01
-0.7600000000001694	-1	0.01
-0.7500000000001694	-1	0.01
-0.7400000000001694	-1	0.01
-0.7300000000001694	-1	0.01
-0.7200000000001694	-1	0.01
-0.7100000000001694	-1	0.01
-0.7000000000001694	-1	0.01
-0.6900000000001694	-1	0.01
-0.6800000000001694	-1	0.01
-0.6700000000001693	-1	0.01
-0.6600000000001693	-1	0.01
-0.6500000000001693	-1	0.01
-0.6400000000001693	-1	0.01
-0.6300000000001693	-1	0.01
-0.6200000000001693	-1	0.01
-0.6100000000001693	-1	0.01
-0.6000000000001693	-1	0.01
-0.5900000000001693	-1	0.01
-0.5800000000001693	-0.9999999999999999	0.01
-0.5700000000001693	-0.9999999999999993	0.01
-0.5600000000001693	-0.9999999999999977	0.01
-0.5500000000001692	-0.9999999999999927	0.01
-0.5400000000001692	-0.9999999999999778	0.01
-0.5300000000001692	-0.9999999999999339	0.01
-0.5200000000001692	-0.9999999999998075	0.01
-0.5100000000001692	-0.9999999999994504	0.01
-0.5000000000001692	-0.999999999998462	0.01
-0.4900000000001692	-0.9999999999957798	0.01
-0.4800000000001692	-0.9999999999886447	0.01
-0.47000000000016917	-0.9999999999700399	0.01
-0.46000000000016916	-0.9999999999224861	0.01
-0.45000000000016915	-0.9999999998033424	0.01
-0.44000000000016914	-0.9999999995107346	0.01
-0.43000000000016914	-0.9999999988063184	0.01
-0.4200000000001691	-0.9999999971440497	0.01
-0.4100000000001691	-0.9999999932990028	0.01
-0.4000000000001691	-0.9999999845807263	0.01
-0.3900000000001691	-0.9999999652036528	0.01
-0.3800000000001691	-0.9999999229879242	0.01
-0.3700000000001691	-0.9999998328331052	0.01
-0.3600000000001691	-0.9999996441069209	0.01
-0.35000000000016906	-0.9999992568457711	0.01
-0.34000000000016906	-0.9999984779053164	0.01
-0.33000000000016905	-0.9999969421106769	0.01
-0.32000000000016904	-0.9999939739282184	0.01
-0.31000000000016903	-0.9999883508179446	0.01
-0.300000000000169	-0.9999779086381468	0.01
-0.290000000000169	-0.9999589007313606	0.01
-0.280000000000169	-0.9999249846255843	0.01
-0.270000000000169	-0.999865663930711	0.01
-0.260000000000169	-0.9997639606319418	0.01
-0.250000000000169	-0.9995930408180967	0.01
-0.24000000000016897	-0.9993114760283112	0.01
-0.23000000000016896	-0.9988568096502852	0.01
-0.22000000000016895	-0.9981371355103654	0.01
-0.21000000000016894	-0.9970205100724683	0.01
-0.20000000000016893	-0.995322236311599	0.01
-0.19000000000016892	-0.9927903952184672	0.01
-0.1800000000001689	-0.9890904631377686	0.01
-0.1700000000001689	-0.9837904173453086	0.01
-0.1600000000001689	-0.9763483421348985	0.01
-0.1500000000001689	-0.9661051091657422	0.01
-0.14000000000016888	-0.9522850911670818	0.01
-0.13000000000016887	-0.9340079304900077	0.01
-0.12000000000016887	-0.9103139834302947	0.01
-0.11000000000016888	-0.8802050992875194	0.01
-0.10000000000016888	-0.8427008505693917	0.01
-0.09000000000016889	-0.7969082990661769	0.01
-0.0800000000001689	-0.7421010785681633	0.01
-0.0700000000001689	-0.6778013298441786	0.01
-0.0600000000001689	-0.6038562407511596	0.01
-0.050000000000168895	-0.5205000307543882	0.01
-0.040000000000168894	-0.42839249859080075	0.01
-0.03000000000016889	-0.32862688097364	0.01
-0.02000000000016889	-0.22270267740325791	0.01
-0.01000000000016889	-0.11246296239502876	0.01
-1.6888920817414999e-13	-1.9056006772544265e-12	0.01
0.009999999999831111	0.1124629623912555	0.01
0.01999999999983111	0.2227026773995962	0.01
0.029999999999831113	0.3286268809701569	0.01
0.039999999999831115	0.4283924985875531	0.01
0.04999999999983112	0.5205000307514202	0.01
0.05999999999983112	0.6038562407485007	0.01
0.06999999999983111	0.6778013298418439	0.01
0.07999999999983111	0.7421010785661538	0.01
0.0899999999998311	0.7969082990644816	0.01
0.0999999999998311	0.8427008505679897	0.01
0.1099999999998311	0.880205099286383	0.01
0.11999999999983109	0.9103139834293917	0.01
0.12999999999983108	0.9340079304893045	0.01
0.1399999999998311	0.952285091166545	0.01
0.1499999999998311	0.9661051091653406	0.01
0.1599999999998311	0.976348342134604	0.01
0.16999999999983112	0.9837904173450969	0.01
0.17999999999983113	0.9890904631376195	0.01
0.18999999999983114	0.9927903952183643	0.01
0.19999999999983115	0.9953222363115294	0.01
0.20999999999983116	0.9970205100724221	0.01
0.21999999999983116	0.9981371355103354	0.01
0.22999999999983117	0.9988568096502661	0.01
0.23999999999983118	0.9993114760282993	0.01
0.2499999999998312	0.9995930408180895	0.01
0.2599999999998312	0.9997639606319375	0.01
0.2699999999998312	0.9998656639307084	0.01
0.2799999999998312	0.9999249846255829	0.01
0.2899999999998312	0.9999589007313598	0.01
0.29999999999983123	0.9999779086381464	0.01
0.30999999999983124	0.9999883508179443	0.01
0.31999999999983125	0.9999939739282183	0.01
0.32999999999983126	0.9999969421106769	0.01
0.33999999999983127	0.9999984779053164	0.01
0.3499999999998313	0.9999992568457711	0.01
0.3599999999998313	0.9999996441069209	0.01
0.3699999999998313	0.9999998328331052	0.01
0.3799999999998313	0.9999999229879242	0.01
0.3899999999998313	0.9999999652036528	0.01
0.3999999999998313	0.9999999845807263	0.01
0.40999999999983133	0.9999999932990028	0.01
0.41999999999983134	0.9999999971440497	0.01
0.42999999999983135	0.9999999988063184	0.01
0.43999999999983136	0.9999999995107346	0.01
0.44999999999983137	0.9999999998033424	0.01
0.4599999999998314	0.9999999999224861	0.01
0.4699999999998314	0.9999999999700399	0.01
0.4799999999998314	0.9999999999886447	0.01
0.4899999999998314	0.9999999999957798	0.01
0.4999999999998314	0.999999999998462	0.01
0.5099999999998314	0.9999999999994504	0.01
0.5199999999998314	0.9999999999998075	0.01
0.5299999999998314	0.9999999999999339	0.01
0.5399999999998314	0.9999999999999778	0.01
0.5499999999998314	0.9999999999999927	0.01
0.5599999999998314	0.9999999999999977	0.01
0.5699999999998314	0.9999999999999993	0.01
0.5799999999998314	0.9999999999999999	0.01
0.5899999999998314	1	0.01
0.5999999999998314	1	0.01
0.6099999999998315	1	0.01
0.6199999999998315	1	0.01
0.6299999999998315	1	0.01
0.6399999999998315	1	0.01
0.6499999999998315	1	0.01
0.6599999999998315	1	0.01
0.6699999999998315	1	0.01
0.6799999999998315	1	0.01
0.6899999999998315	1	0.01
0.6999999999998315	1	0.01
0.7099999999998315	1	0.01
0.7199999999998316	1	0.01
0.7299999999998316	1	0.01
0.7399999999998316	1	0.01
0.7499999999998316	1	0.01
0.7599999999998316	1	0.01
0.7699999999998316	1	0.01
0.7799999999998316	1	0.01
0.7899999999998316	1	0.01
0.7999999999998316	1	0.01
0.8099999999998316	1	0.01
0.8199999999998316	1	0.01
0.8299999999998317	1	0.01
0.8399999999998317	1	0.01
0.8499999999998317	1	0.01
0.8599999999998317	1	0.01
0.8699999999998317	1	0.01
0.8799999999998317	1	0.01
0.8899999999998317	1	0.01
0.8999999999998317	1	0.01
0.9099999999998317	1	0.01
0.9199999999998317	1	0.01
0.9299999999998317	1	0.01
0.9399999999998317	1	0.01
0.9499999999998318	1	0.01
0.9599999999998318	1	0.01
0.9699999999998318	1	0.01
0.9799999999998318	1	0.01
0.9899999999998318	1	0.01
0.9999999999998318	1	0.01
1.0099999999998317	1	0.01
1.0199999999998317	1	0.01
1.0299999999998317	1	0.01
1.0399999999998317	1	0.01
1.0499999999998317	1	0.01
1.0599999999998317	1	0.01
1.0699999999998318	1	0.01
1.0799999999998318	1	0.01
1.0899999999998318	1	0.01
1.0999999999998318	1	0.01
1.1099999999998318	1	0.01
1.1199999999998318	1	0.01
1.1299999999998318	1	0.01
1.1399999999998318	1	0.01
1.1499999999998318	1	0.01
1.1599999999998318	1	0.01
1.1699999999998318	1	0.01
1.1799999999998319	1	0.01
1.1899999999998319	1	0.01
1.1999999999998319	1	0.01
1.2099999999998319	1	0.01
1.2199999999998319	1	0.01
1.229999999999832	1	0.01
1.239999999999832	1	0.01
1.249999999999832	1	0.01
1.259999999999832	1	0.01
1.269999999999832	1	0.01
1.279999999999832	1	0.01
1.289999999999832	1	0.01
1.299999999999832	1	0.01
1.309999999999832	1	0.01
1.319999999999832	1	0.01
1.329999999999832	1	0.01
1.339999999999832	1	0.01
1.349999999999832	1	0.01
1.359999999999832	1	0.01
1.369999999999832	1	0.01
1.379999999999832	1	0.01
1.389999999999832	1	0.01
1.399999999999832	1	0.01
1.409999999999832	1	0.01
1.419999999999832	1	0.01
1.429999999999832	1	0.01
1.439999999999832	1	0.01
1.449999999999832	1	0.01
1.459999999999832	1	0.01
1.469999999999832	1	0.01
1.4799999999998321	1	0.01
1.4899999999998321	1	0.01
1.4999999999998321	1	0.01
1.5099999999998321	1	0.01
1.5199999999998322	1	0.01
1.5299999999998322	1	0.01
1.5399999999998322	1	0.01
1.5499999999998322	1	0.01
1.5599999999998322	1	0.01
1.5699999999998322	1	0.01
1.5799999999998322	1	0.01
1.5899999999998322	1	0.01
1.5999999999998322	1	0.01
1.6099999999998322	1	0.01
1.6199999999998322	1	0.01
1.6299999999998322	1	0.01
1.6399999999998323	1	0.01
1.6499999999998323	1	0.01
1.6599999999998323	1	0.01
1.6699999999998323	1	0.01
1.6799999999998323	1	0.01
1.6899999999998323	1	0.01
1.6999999999998323	1	0.01
1.7099999999998323	1	0.01
1.7199999999998323	1	0.01
1.7299999999998323	1	0.01
1.7399999999998323	1	0.01
1.7499999999998324	1	0.01
1.7599999999998324	1	0.01
1.7699999999998324	1	0.01
1.7799999999998324	1	0.01
1.7899999999998324	1	0.01
1.7999999999998324	1	0.01
1.8099999999998324	1	0.01
1.8199999999998324	1	0.01
1.8299999999998324	1	0.01
1.8399999999998324	1	0.01
1.8499999999998324	1	0.01
1.8599999999998325	1	0.01
1.8699999999998325	1	0.01
1.8799999999998325	1	0.01
1.8899999999998325	1	0.01
1.8999999999998325	1	0.01
1.9099999999998325	1	0.01
1.9199999999998325	1	0.01
1.9299999999998325	1	0.01
1.9399999999998325	1	0.01
1.9499999999998325	1	0.01
1.9599999999998325	1	0.01
1.9699999999998326	1	0.01
1.9799999999998326	1	0.01
1.9899999999998326	1	0.01
1.9999999999998326	1	0.01
2.0099999999998324	1	0.01
2.019999999999832	1	0.01
2.029999999999832	1	0.01
2.0399999999998317	1	0.01
2.0499999999998315	1	0.01
2.0599999999998313	1	0.01
2.069999999999831	1	0.01
2.079999999999831	1	0.01
2.0899999999998307	1	0.01
2.0999999999998304	1	0.01
2.1099999999998302	1	0.01
2.11999999999983	1	0.01
2.12999999999983	1	0.01
2.1399999999998296	1	0.01
2.1499999999998294	1	0.01
2.159999999999829	1	0.01
2.169999999999829	1	0.01
2.1799999999998287	1	0.01
2.1899999999998285	1	0.01
2.1999999999998283	1	0.01
2.209999999999828	1	0.01
2.219999999999828	1	0.01
2.2299999999998277	1	0.01
2.2399999999998275	1	0.01
2.2499999999998272	1	0.01
2.259999999999827	1	0.01
2.269999999999827	1	0.01
2.2799999999998266	1	0.01
2.2899999999998264	1	0.01
2.299999999999826	1	0.01
2.309999999999826	1	0.01
2.3199999999998258	1	0.01
2.3299999999998255	1	0.01
2.3399999999998253	1	0.01
2.349999999999825	1	0.01
2.359999999999825	1	0.01
2.3699999999998247	1	0.01
2.3799999999998245	1	0.01
2.3899999999998243	1	0.01
2.399999999999824	1	0.01
2.409999999999824	1	0.01
2.4199999999998236	1	0.01
2.4299999999998234	1	0.01
2.439999999999823	1	0.01
2.449999999999823	1	0.01
2.4599999999998228	1	0.01
2.4699999999998226	1	0.01
2.4799999999998223	1	0.01
2.489999999999822	1	0.01
2.499999999999822	1	0.01
2.5099999999998217	1	0.01
2.5199999999998215	1	0.01
2.5299999999998213	1	0.01
2.539999999999821	1	0.01
2.549999999999821	1	0.01
2.5599999999998206	1	0.01
2.5699999999998204	1	0.01
2.57999999999982	1	0.01
2.58999999999982	1	0.01
2.59999999999982	1	0.01
2.6099999999998196	1	0.01
2.6199999999998194	1	0.01
2.629999999999819	1	0.01
2.639999999999819	1	0.01
2.6499999999998187	1	0.01
2.6599999999998185	1	0.01
2.6699999999998183	1	0.01
2.679999999999818	1	0.01
2.689999999999818	1	0.01
2.6999999999998177	1	0.01
2.7099999999998174	1	0.01
2.7199999999998172	1	0.01
2.729999999999817	1	0.01
2.739999999999817	1	0.01
2.7499999999998166	1	0.01
2.7599999999998164	1	0.01
2.769999999999816	1	0.01
2.779999999999816	1	0.01
2.7899999999998157	1	0.01
2.7999999999998155	1	0.01
2.8099999999998153	1	0.01
2.819999999999815	1	0.01
2.829999999999815	1	0.01
2.8399999999998147	1	0.01
2.8499999999998145	1	0.01
2.8599999999998142	1	0.01
2.869999999999814	1	0.01
2.879999999999814	1	0.01
2.8899999999998136	1	0.01
2.8999999999998134	1	0.01
2.909999999999813	1	0.01
2.919999999999813	1	0.01
2.9299999999998128	1	0.01
2.9399999999998125	1	0.01
2.9499999999998123	1	0.01
2.959999999999812	1	0.01
2.969999999999812	1	0.01
2.9799999999998117	1	0.01
2.9899999999998115	1	0.01
2.9999999999998113	1	0.01
3.009999999999811	1	0.01
3.019999999999811	1	0.01
3.0299999999998106	1	0.01
3.0399999999998104	1	0.01
3.04999999999981	1	0.01
3.05999999999981	1	0.01
3.0699999999998098	1	0.01
3.0799999999998096	1	0.01
3.0899999999998093	1	0.01
3.099999999999809	1	0.01
3.109999999999809	1	0.01
3.1199999999998087	1	0.01
3.1299999999998085	1	0.01
3.1399999999998083	1	0.01
3.149999999999808	1	0.01
3.159999999999808	1	0.01
3.1699999999998076	1	0.01
3.1799999999998074	1	0.01
3.189999999999807	1	0.01
3.199999999999807	1	0.01
3.209999999999807	1	0.01
3.2199999999998066	1	0.01
3.2299999999998064	1	0.01
3.239999999999806	1	0.01
3.249999999999806	1	0.01
3.2599999999998057	1	0.01
3.2699999999998055	1	0.01
3.2799999999998053	1	0.01
3.289999999999805	1	0.01
3.299999999999805	1	0.01
3.3099999999998047	1	0.01
3.3199999999998044	1	0.01
3.3299999999998042	1	0.01
3.339999999999804	1	0.01
3.349999999999804	1	0.01
3.3599999999998036	1	0.01
3.3699999999998034	1	0.01
3.379999999999803	1	0.01
3.389999999999803	1	0.01
3.3999999999998027	1	0.01
3.4099999999998025	1	0.01
3.4199999999998023	1	0.01
3.429999999999802	1	0.01
3.439999999999802	1	0.01
3.4499999999998017	1	0.01
3.4599999999998015	1	0.01
3.4699999999998012	1	0.01
3.479999999999801	1	0.01
3.489999999999801	1	0.01
3.4999999999998006	1	0.01
3.5099999999998004	1	0.01
3.5199999999998	1	0.01
3.5299999999998	1	0.01
3.5399999999997998	1	0.01
3.5499999999997995	1	0.01
3.5599999999997993	1	0.01
3.569999999999799	1	0.01
3.579999999999799	1	0.01
3.5899999999997987	1	0.01
3.5999999999997985	1	0.01
3.6099999999997983	1	0.01
3.619999999999798	1	0.01
3.629999999999798	1	0.01
3.6399999999997976	1	0.01
3.6499999999997974	1	0.01
3.659999999999797	1	0.01
3.669999999999797	1	0.01
3.6799999999997968	1	0.01
3.6899999999997966	1	0.01
3.6999999999997963	1	0.01
3.709999999999796	1	0.01
3.719999999999796	1	0.01
3.7299999999997957	1	0.01
3.7399999999997955	1	0.01
3.7499999999997953	1	0.01
3.759999999999795	1	0.01
3.769999999999795	1	0.01
3.7799999999997946	1	0.01
3.7899999999997944	1	0.01
3.799999999999794	1	0.01
3.809999999999794	1	0.01
3.819999999999794	1	0.01
3.8299999999997936	1	0.01
3.8399999999997934	1	0.01
3.849999999999793	1	0.01
3.859999999999793	1	0.01
3.8699999999997927	1	0.01
3.8799999999997925	1	0.01
3.8899999999997923	1	0.01
3.899999999999792	1	0.01
3.909999999999792	1	0.01
3.9199999999997917	1	0.01
3.9299999999997914	1	0.01
3.9399999999997912	1	0.01
3.949999999999791	1	0.01
3.959999999999791	1	0.01
3.9699999999997906	1	0.01
3.9799999999997904	1	0.01
3.98999999999979	1	0.01
3.99999999999979	1	0.01
4.00999999999979	1	0.01
4.01999999999979	1	0.01
4.02999999999979	1	0.01
4.0399999999997895	1	0.01
4.049999999999789	1	0.01
4.059999999999789	1	0.01
4.069999999999789	1	0.01
4.079999999999789	1	0.01
4.0899999999997885	1	0.01
4.099999999999788	1	0.01
4.109999999999788	1	0.01
4.119999999999788	1	0.01
4.129999999999788	1	0.01
4.139999999999787	1	0.01
4.149999999999787	1	0.01
4.159999999999787	1	0.01
4.169999999999787	1	0.01
4.1799999999997866	1	0.01
4.189999999999786	1	0.01
4.199999999999786	1	0.01
4.209999999999786	1	0.01
4.219999999999786	1	0.01
4.2299999999997855	1	0.01
4.239999999999785	1	0.01
4.249999999999785	1	0.01
4.259999999999785	1	0.01
4.269999999999785	1	0.01
4.279999999999784	1	0.01
4.289999999999784	1	0.01
4.299999999999784	1	0.01
4.309999999999784	1	0.01
4.319999999999784	1	0.01
4.329999999999783	1	0.01
4.339999999999783	1	0.01
4.349999999999783	1	0.01
4.359999999999783	1	0.01
4.3699999999997825	1	0.01
4.379999999999782	1	0.01
4.389999999999782	1	0.01
4.399999999999782	1	0.01
4.409999999999782	1	0.01
4.419999999999781	1	0.01
4.429999999999781	1	0.01
4.439999999999781	1	0.01
4.449999999999781	1	0.01
4.459999999999781	1	0.01
4.46999999999978	1	0.01
4.47999999999978	1	0.01
4.48999999999978	1	0.01
4.49999999999978	1	0.01
4.5099999999997795	1	0.01
4.519999999999779	1	0.01
4.529999999999779	1	0.01
4.539999999999779	1	0.01
4.549999999999779	1	0.01
4.5599999999997785	1	0.01
4.569999999999778	1	0.01
4.579999999999778	1	0.01
4.589999999999778	1	0.01
4.599999999999778	1	0.01
4.609999999999777	1	0.01
4.619999999999777	1	0.01
4.629999999999777	1	0.01
4.639999999999777	1	0.01
4.6499999999997765	1	0.01
4.659999999999776	1	0.01
4.669999999999776	1	0.01
4.679999999999776	1	0.01
4.689999999999776	1	0.01
4.6999999999997755	1	0.01
4.709999999999775	1	0.01
4.719999999999775	1	0.01
4.729999999999775	1	0.01
4.739999999999775	1	0.01
4.749999999999774	1	0.01
4.759999999999774	1	0.01
4.769999999999774	1	0.01
4.779999999999774	1	0.01
4.7899999999997736	1	0.01
4.799999999999773	1	0.01
4.809999999999773	1	0.01
4.819999999999773	1	0.01
4.829999999999773	1	0.01
4.8399999999997725	1	0.01
4.849999999999772	1	0.01
4.859999999999772	1	0.01
4.869999999999772	1	0.01
4.879999999999772	1	0.01
4.889999999999771	1	0.01
4.899999999999771	1	0.01
4.909999999999771	1	0.01
4.919999999999771	1	0.01
4.929999999999771	1	0.01
4.93999999999977	1	0.01
4.94999999999977	1	0.01
4.95999999999977	1	0.01
4.96999999999977	1	0.01
4.9799999999997695	1	0.01
4.989999999999769	1	0.01
4.999999999999769	1	0.01
5.009999999999769	1	0.01
5.019999999999769	1	0.01
5.029999999999768	1	0.01
5.039999999999768	1	0.01
5.049999999999768	1	0.01
5.059999999999768	1	0.01
5.069999999999768	1	0.01
5.079999999999767	1	0.01
5.089999999999767	1	0.01
5.099999999999767	1	0.01
5.109999999999767	1	0.01
5.1199999999997665	1	0.01
5.129999999999766	1	0.01
5.139999999999766	1	0.01
5.149999999999766	1	0.01
5.159999999999766	1	0.01
5.1699999999997654	1	0.01
5.179999999999765	1	0.01
5.189999999999765	1	0.01
5.199999999999765	1	0.01
5.209999999999765	1	0.01
5.219999999999764	1	0.01
5.229999999999764	1	0.01
5.239999999999764	1	0.01
5.249999999999764	1	0.01
5.2599999999997635	1	0.01
5.269999999999763	1	0.01
5.279999999999763	1	0.01
5.289999999999763	1	0.01
5.299999999999763	1	0.01
5.3099999999997625	1	0.01
5.319999999999762	1	0.01
5.329999999999762	1	0.01
5.339999999999762	1	0.01
5.349999999999762	1	0.01
5.359999999999761	1	0.01
5.369999999999761	1	0.01
5.379999999999761	1	0.01
5.389999999999761	1	0.01
5.3999999999997605	1	0.01
5.40999999999976	1	0.01
5.41999999999976	1	0.01
5.42999999999976	1	0.01
5.43999999999976	1	0.01
5.4499999999997595	1	0.01
5.459999999999759	1	0.01
5.469999999999759	1	0.01
5.479999999999759	1	0.01
5.489999999999759	1	0.01
5.499999999999758	1	0.01
5.509999999999758	1	0.01
5.519999999999758	1	0.01
5.529999999999758	1	0.01
5.539999999999758	1	0.01
5.549999999999757	1	0.01
5.559999999999757	1	0.01
5.569999999999757	1	0.01
5.579999999999757	1	0.01
5.5899999999997565	1	0.01
5.599999999999756	1	0.01
5.609999999999756	1	0.01
5.619999999999756	1	0.01
5.629999999999756	1	0.01
5.639999999999755	1	0.01
5.649999999999755	1	0.01
5.659999999999755	1	0.01
5.669999999999755	1	0.01
5.679999999999755	1	0.01
5.689999999999754	1	0.01
5.699999999999754	1	0.01
5.709999999999754	1	0.01
5.719999999999754	1	0.01
5.7299999999997535	1	0.01
5.739999999999753	1	0.01
5.749999999999753	1	0.01
5.759999999999753	1	0.01
5.769999999999753	1	0.01
5.7799999999997524	1	0.01
5.789999999999752	1	0.01
5.799999999999752	1	0.01
5.809999999999752	1	0.01
5.819999999999752	1	0.01
5.829999999999751	1	0.01
5.839999999999751	1	0.01
5.849999999999751	1	0.01
5.859999999999751	1	0.01
5.8699999999997505	1	0.01
5.87999999999975	1	0.01
5.88999999999975	1	0.01
5.89999999999975	1	0.01
5.90999999999975	1	0.01
5.9199999999997495	1	0.01
5.929999999999749	1	0.01
5.939999999999749	1	0.01
5.949999999999749	1	0.01
5.959999999999749	1	0.01
5.969999999999748	1	0.01
5.979999999999748	1	0.01
5.989999999999748	1	0.01
5.999999999999748	1	0.01
6.0099999999997475	1	0.01
6.019999999999747	1	0.01
6.029999999999747	1	0.01
6.039999999999747	1	0.01
6.049999999999747	1	0.01
6.0599999999997465	1	0.01
6.069999999999746	1	0.01
6.079999999999746	1	0.01
6.089999999999746	1	0.01
6.099999999999746	1	0.01
6.109999999999745	1	0.01
6.119999999999745	1	0.01
6.129999999999745	1	0.01
6.139999999999745	1	0.01
6.149999999999745	1	0.01
6.159999999999744	1	0.01
6.169999999999744	1	0.01
6.179999999999744	1	0.01
6.189999999999744	1	0.01
6.1999999999997435	1	0.01
6.209999999999743	1	0.01
6.219999999999743	1	0.01
6.229999999999743	1	0.01
6.239999999999743	1	0.01
6.249999999999742	1	0.01
6.259999999999742	1	0.01
6.269999999999742	1	0.01
6.279999999999742	1	0.01
6.289999999999742	1	0.01
6.299999999999741	1	0.01
6.309999999999741	1	0.01
6.319999999999741	1	0.01
6.329999999999741	1	0.01
6.3399999999997405	1	0.01
6.34999999999974	1	0.01
6.35999999999974	1	0.01
6.36999999999974	1	0.01
6.37999999999974	1	0.01
6.389999999999739	1	0.01
6.399999999999739	1	0.01
6.409999999999739	1	0.01
6.419999999999739	1	0.01
6.429999999999739	1	0.01
6.439999999999738	1	0.01
6.449999999999738	1	0.01
6.459999999999738	1	0.01
6.469999999999738	1	0.01
6.4799999999997375	1	0.01
6.489999999999737	1	0.01
6.499999999999737	1	0.01
6.509999999999737	1	0.01
6.519999999999737	1	0.01
6.5299999999997365	1	0.01
6.539999999999736	1	0.01
6.549999999999736	1	0.01
6.559999999999736	1	0.01
6.569999999999736	1	0.01
6.579999999999735	1	0.01
6.589999999999735	1	0.01
6.599999999999735	1	0.01
6.609999999999735	1	0.01
6.6199999999997345	1	0.01
6.629999999999734	1	0.01
6.639999999999734	1	0.01
6.649999999999734	1	0.01
6.659999999999734	1	0.01
6.6699999999997335	1	0.01
6.679999999999733	1	0.01
6.689999999999733	1	0.01
6.699999999999733	1	0.01
6.709999999999733	1	0.01
6.719999999999732	1	0.01
6.729999999999732	1	0.01
6.739999999999732	1	0.01
6.749999999999732	1	0.01
6.759999999999732	1	0.01
6.769999999999731	1	0.01
6.779999999999731	1	0.01
6.789999999999731	1	0.01
6.799999999999731	1	0.01
6.8099999999997305	1	0.01
6.81999999999973	1	0.01
6.82999999999973	1	0.01
6.83999999999973	1	0.01
6.84999999999973	1	0.01
6.859999999999729	1	0.01
6.869999999999729	1	0.01
6.879999999999729	1	0.01
6.889999999999729	1	0.01
6.899999999999729	1	0.01
6.909999999999728	1	0.01
6.919999999999728	1	0.01
6.929999999999728	1	0.01
6.939999999999728	1	0.01
6.9499999999997275	1	0.01
6.959999999999727	1	0.01
6.969999999999727	1	0.01
6.979999999999727	1	0.01
6.989999999999727	1	0.01
6.999999999999726	1	0.01
7.009999999999726	1	0.01
7.019999999999726	1	0.01
7.029999999999726	1	0.01
7.039999999999726	1	0.01
7.049999999999725	1	0.01
7.059999999999725	1	0.01
7.069999999999725	1	0.01
7.079999999999725	1	0.01
7.0899999999997245	1	0.01
7.099999999999724	1	0.01
7.109999999999724	1	0.01
7.119999999999724	1	0.01
7.129999999999724	1	0.01
7.1399999999997235	1	0.01
7.149999999999723	1	0.01
7.159999999999723	1	0.01
7.169999999999723	1	0.01
7.179999999999723	1	0.01
7.189999999999722	1	0.01
7.199999999999722	1	0.01
7.209999999999722	1	0.01
7.219999999999722	1	0.01
7.2299999999997215	1	0.01
7.239999999999721	1	0.01
7.249999999999721	1	0.01
7.259999999999721	1	0.01
7.269999999999721	1	0.01
7.2799999999997205	1	0.01
7.28999999999972	1	0.01
7.29999999999972	1	0.01
7.30999999999972	1	0.01
7.31999999999972	1	0.01
7.329999999999719	1	0.01
7.339999999999719	1	0.01
7.349999999999719	1	0.01
7.359999999999719	1	0.01
7.3699999999997186	1	0.01
7.379999999999718	1	0.01
7.389999999999718	1	0.01
7.399999999999718	1	0.01
7.409999999999718	1	0.01
7.4199999999997175	1	0.01
7.429999999999717	1	0.01
7.439999999999717	1	0.01
7.449999999999717	1	0.01
7.459999999999717	1	0.01
7.469999999999716	1	0.01
7.479999999999716	1	0.01
7.489999999999716	1	0.01
7.499999999999716	1	0.01
7.509999999999716	1	0.01
7.519999999999715	1	0.01
7.529999999999715	1	0.01
7.539999999999715	1	0.01
7.549999999999715	1	0.01
7.5599999999997145	1	0.01
7.569999999999714	1	0.01
7.579999999999714	1	0.01
7.589999999999714	1	0.01
7.599999999999714	1	0.01
7.609999999999713	1	0.01
7.619999999999713	1	0.01
7.629999999999713	1	0.01
7.639999999999713	1	0.01
7.649999999999713	1	0.01
7.659999999999712	1	0.01
7.669999999999712	1	0.01
7.679999999999712	1	0.01
7.689999999999712	1	0.01
7.6999999999997115	1	0.01
7.709999999999711	1	0.01
7.719999999999711	1	0.01
7.729999999999711	1	0.01
7.739999999999711	1	0.01
7.7499999999997105	1	0.01
7.75999999999971	1	0.01
7.76999999999971	1	0.01
7.77999999999971	1	0.01
7.78999999999971	1	0.01
7.799999999999709	1	0.01
7.809999999999709	1	0.01
7.819999999999709	1	0.01
7.829999999999709	1	0.01
7.8399999999997085	1	0.01
7.849999999999708	1	0.01
7.859999999999708	1	0.01
7.869999999999708	1	0.01
7.879999999999708	1	0.01
7.8899999999997075	1	0.01
7.899999999999707	1	0.01
7.909999999999707	1	0.01
7.919999999999707	1	0.01
7.929999999999707	1	0.01
7.939999999999706	1	0.01
7.949999999999706	1	0.01
7.959999999999706	1	0.01
7.969999999999706	1	0.01
7.9799999999997056	1	0.01
7.989999999999705	1	0.01
7.999999999999705	1	0.01
8.009999999999705	1	0.01
8.019999999999705	1	0.01
8.029999999999704	1	0.01
8.039999999999704	1	0.01
8.049999999999704	1	0.01
8.059999999999704	1	0.01
8.069999999999704	1	0.01
8.079999999999703	1	0.01
8.089999999999703	1	0.01
8.099999999999703	1	0.01
8.109999999999703	1	0.01
8.119999999999703	1	0.01
8.129999999999702	1	0.01
8.139999999999702	1	0.01
8.149999999999702	1	0.01
8.159999999999702	1	0.01
8.169999999999702	1	0.01
8.179999999999701	1	0.01
8.189999999999701	1	0.01
8.1999999999997	1	0.01
8.2099999999997	1	0.01
8.2199999999997	1	0.01
8.2299999999997	1	0.01
8.2399999999997	1	0.01
8.2499999999997	1	0.01
8.2599999999997	1	0.01
8.2699999999997	1	0.01
8.2799999999997	1	0.01
8.289999999999699	1	0.01
8.299999999999699	1	0.01
8.309999999999699	1	0.01
8.319999999999698	1	0.01
8.329999999999698	1	0.01
8.339999999999698	1	0.01
8.349999999999698	1	0.01
8.359999999999697	1	0.01
8.369999999999697	1	0.01
8.379999999999697	1	0.01
8.389999999999697	1	0.01
8.399999999999697	1	0.01
8.409999999999696	1	0.01
8.419999999999696	1	0.01
8.429999999999696	1	0.01
8.439999999999696	1	0.01
8.449999999999696	1	0.01
8.459999999999695	1	0.01
8.469999999999695	1	0.01
8.479999999999695	1	0.01
8.489999999999695	1	0.01
8.499999999999694	1	0.01
8.509999999999694	1	0.01
8.519999999999694	1	0.01
8.529999999999694	1	0.01
8.539999999999694	1	0.01
8.549999999999693	1	0.01
8.559999999999693	1	0.01
8.569999999999693	1	0.01
8.579999999999693	1	0.01
8.589999999999693	1	0.01
8.599999999999692	1	0.01
8.609999999999692	1	0.01
8.619999999999692	1	0.01
8.629999999999692	1	0.01
8.639999999999691	1	0.01
8.649999999999691	1	0.01
8.659999999999691	1	0.01
8.66999999999969	1	0.01
8.67999999999969	1	0.01
8.68999999999969	1	0.01
8.69999999999969	1	0.01
8.70999999999969	1	0.01
8.71999999999969	1	0.01
8.72999999999969	1	0.01
8.73999999999969	1	0.01
8.74999999999969	1	0.01
8.759999999999689	1	0.01
8.769999999999689	1	0.01
8.779999999999688	1	0.01
8.789999999999688	1	0.01
8.799999999999688	1	0.01
8.809999999999688	1	0.01
8.819999999999688	1	0.01
8.829999999999687	1	0.01
8.839999999999687	1	0.01
8.849999999999687	1	0.01
8.859999999999687	1	0.01
8.869999999999687	1	0.01
8.879999999999686	1	0.01
8.889999999999686	1	0.01
8.899999999999686	1	0.01
8.909999999999686	1	0.01
8.919999999999686	1	0.01
8.929999999999685	1	0.01
8.939999999999685	1	0.01
8.949999999999685	1	0.01
8.959999999999685	1	0.01
8.969999999999684	1	0.01
8.979999999999684	1	0.01
8.989999999999684	1	0.01
8.999999999999684	1	0.01
9.009999999999684	1	0.01
9.019999999999683	1	0.01
9.029999999999683	1	0.01
9.039999999999683	1	0.01
9.049999999999683	1	0.01
9.059999999999683	1	0.01
9.069999999999682	1	0.01
9.079999999999682	1	0.01
9.089999999999682	1	0.01
9.099999999999682	1	0.01
9.109999999999681	1	0.01
9.119999999999681	1	0.01
9.129999999999681	1	0.01
9.13999999999968	1	0.01
9.14999999999968	1	0.01
9.15999999999968	1	0.01
9.16999999999968	1	0.01
9.17999999999968	1	0.01
9.18999999999968	1	0.01
9.19999999999968	1	0.01
9.20999999999968	1	0.01
9.21999999999968	1	0.01
9.229999999999679	1	0.01
9.239999999999679	1	0.01
9.249999999999678	1	0.01
9.259999999999678	1	0.01
9.269999999999678	1	0.01
9.279999999999678	1	0.01
9.289999999999678	1	0.01
9.299999999999677	1	0.01
9.309999999999677	1	0.01
9.319999999999677	1	0.01
9.329999999999677	1	0.01
9.339999999999677	1	0.01
9.349999999999676	1	0.01
9.359999999999676	1	0.01
9.369999999999676	1	0.01
9.379999999999676	1	0.01
9.389999999999675	1	0.01
9.399999999999675	1	0.01
9.409999999999675	1	0.01
9.419999999999675	1	0.01
9.429999999999675	1	0.01
9.439999999999674	1	0.01
9.449999999999674	1	0.01
9.459999999999674	1	0.01
9.469999999999674	1	0.01
9.479999999999674	1	0.01
9.489999999999673	1	0.01
9.499999999999673	1	0.01
9.509999999999673	1	0.01
9.519999999999673	1	0.01
9.529999999999673	1	0.01
9.539999999999672	1	0.01
9.549999999999672	1	0.01
9.559999999999672	1	0.01
9.569999999999672	1	0.01
9.579999999999671	1	0.01
9.589999999999671	1	0.01
9.599999999999671	1	0.01
9.60999999999967	1	0.01
9.61999999999967	1	0.01
9.62999999999967	1	0.01
9.63999999999967	1	0.01
9.64999999999967	1	0.01
9.65999999999967	1	0.01
9.66999999999967	1	0.01
9.67999999999967	1	0.01
9.689999999999669	1	0.01
9.699999999999669	1	0.01
9.709999999999669	1	0.01
9.719999999999668	1	0.01
9.729999999999668	1	0.01
9.739999999999668	1	0.01
9.749999999999668	1	0.01
9.759999999999668	1	0.01
9.769999999999667	1	0.01
9.779999999999667	1	0.01
9.789999999999667	1	0.01
9.799999999999667	1	0.01
9.809999999999667	1	0.01
9.819999999999666	1	0.01
9.829999999999666	1	0.01
9.839999999999666	1	0.01
9.849999999999666	1	0.01
9.859999999999665	1	0.01
9.869999999999665	1	0.01
9.879999999999665	1	0.01
9.889999999999665	1	0.01
9.899999999999665	1	0.01
9.909999999999664	1	0.01
9.919999999999664	1	0.01
9.929999999999664	1	0.01
9.939999999999664	1	0.01
9.949999999999664	1	0.01
9.959999999999663	1	0.01
9.969999999999663	1	0.01
9.979999999999663	1	0.01
9.989999999999663	1	0.01
